0	0.04462787982989469
1	0.04348362188697929
2	0.042787964826671326
3	0.04173675897974632
4	0.041279132316957845
5	0.04164040186082401
6	0.041876992925509934
7	0.04097173762941905
8	0.04018002396781154
9	0.03976466425260156
10	0.040176459910637924
11	0.04019892758340994
12	0.04090542595463091
13	0.04129127091530223
14	0.042131268882424126
15	0.04263447145829728
16	0.042918402939830624
17	0.04362074011393409
18	0.04497620190778511
19	0.047782757396712484
20	0.04893279550531302
21	0.04911798228836639
22	0.04739915561691837
23	0.04580243475722025
